<!-- Generated by pkgdown: do not edit by hand -->
<!DOCTYPE html>
<html lang="en">
  <head>
  <meta charset="utf-8">
<meta http-equiv="X-UA-Compatible" content="IE=edge">
<meta name="viewport" content="width=device-width, initial-scale=1.0">

<title>Plot function for 1 stage Sargent design — PlotSargent • PhIIdesign</title>


<!-- jquery -->
<script src="https://cdnjs.cloudflare.com/ajax/libs/jquery/3.4.1/jquery.min.js" integrity="sha256-CSXorXvZcTkaix6Yvo6HppcZGetbYMGWSFlBw8HfCJo=" crossorigin="anonymous"></script>
<!-- Bootstrap -->

<link rel="stylesheet" href="https://cdnjs.cloudflare.com/ajax/libs/twitter-bootstrap/3.4.1/css/bootstrap.min.css" integrity="sha256-bZLfwXAP04zRMK2BjiO8iu9pf4FbLqX6zitd+tIvLhE=" crossorigin="anonymous" />

<script src="https://cdnjs.cloudflare.com/ajax/libs/twitter-bootstrap/3.4.1/js/bootstrap.min.js" integrity="sha256-nuL8/2cJ5NDSSwnKD8VqreErSWHtnEP9E7AySL+1ev4=" crossorigin="anonymous"></script>

<!-- bootstrap-toc -->
<link rel="stylesheet" href="../bootstrap-toc.css">
<script src="../bootstrap-toc.js"></script>

<!-- Font Awesome icons -->
<link rel="stylesheet" href="https://cdnjs.cloudflare.com/ajax/libs/font-awesome/5.12.1/css/all.min.css" integrity="sha256-mmgLkCYLUQbXn0B1SRqzHar6dCnv9oZFPEC1g1cwlkk=" crossorigin="anonymous" />
<link rel="stylesheet" href="https://cdnjs.cloudflare.com/ajax/libs/font-awesome/5.12.1/css/v4-shims.min.css" integrity="sha256-wZjR52fzng1pJHwx4aV2AO3yyTOXrcDW7jBpJtTwVxw=" crossorigin="anonymous" />

<!-- clipboard.js -->
<script src="https://cdnjs.cloudflare.com/ajax/libs/clipboard.js/2.0.6/clipboard.min.js" integrity="sha256-inc5kl9MA1hkeYUt+EC3BhlIgyp/2jDIyBLS6k3UxPI=" crossorigin="anonymous"></script>

<!-- headroom.js -->
<script src="https://cdnjs.cloudflare.com/ajax/libs/headroom/0.11.0/headroom.min.js" integrity="sha256-AsUX4SJE1+yuDu5+mAVzJbuYNPHj/WroHuZ8Ir/CkE0=" crossorigin="anonymous"></script>
<script src="https://cdnjs.cloudflare.com/ajax/libs/headroom/0.11.0/jQuery.headroom.min.js" integrity="sha256-ZX/yNShbjqsohH1k95liqY9Gd8uOiE1S4vZc+9KQ1K4=" crossorigin="anonymous"></script>

<!-- pkgdown -->
<link href="../pkgdown.css" rel="stylesheet">
<script src="../pkgdown.js"></script>




<meta property="og:title" content="Plot function for 1 stage Sargent design — PlotSargent" />
<meta property="og:description" content="Plots the probability of rejecting \(H0\) ('Positive result') and rejecting Ha 
('Negative result') for different true response binomial parameters" />




<!-- mathjax -->
<script src="https://cdnjs.cloudflare.com/ajax/libs/mathjax/2.7.5/MathJax.js" integrity="sha256-nvJJv9wWKEm88qvoQl9ekL2J+k/RWIsaSScxxlsrv8k=" crossorigin="anonymous"></script>
<script src="https://cdnjs.cloudflare.com/ajax/libs/mathjax/2.7.5/config/TeX-AMS-MML_HTMLorMML.js" integrity="sha256-84DKXVJXs0/F8OTMzX4UR909+jtl4G7SPypPavF+GfA=" crossorigin="anonymous"></script>

<!--[if lt IE 9]>
<script src="https://oss.maxcdn.com/html5shiv/3.7.3/html5shiv.min.js"></script>
<script src="https://oss.maxcdn.com/respond/1.4.2/respond.min.js"></script>
<![endif]-->



  </head>

  <body data-spy="scroll" data-target="#toc">
    <div class="container template-reference-topic">
      <header>
      <div class="navbar navbar-default navbar-fixed-top" role="navigation">
  <div class="container">
    <div class="navbar-header">
      <button type="button" class="navbar-toggle collapsed" data-toggle="collapse" data-target="#navbar" aria-expanded="false">
        <span class="sr-only">Toggle navigation</span>
        <span class="icon-bar"></span>
        <span class="icon-bar"></span>
        <span class="icon-bar"></span>
      </button>
      <span class="navbar-brand">
        <a class="navbar-link" href="../index.html">PhIIdesign</a>
        <span class="version label label-default" data-toggle="tooltip" data-placement="bottom" title="Released version">0.2.0</span>
      </span>
    </div>

    <div id="navbar" class="navbar-collapse collapse">
      <ul class="nav navbar-nav">
        <li>
  <a href="../reference/index.html">Reference</a>
</li>
<li>
  <a href="../news/index.html">Changelog</a>
</li>
      </ul>
      <ul class="nav navbar-nav navbar-right">
        
      </ul>
      
    </div><!--/.nav-collapse -->
  </div><!--/.container -->
</div><!--/.navbar -->

      

      </header>

<div class="row">
  <div class="col-md-9 contents">
    <div class="page-header">
    <h1>Plot function for 1 stage Sargent design</h1>
    
    <div class="hidden name"><code>PlotSargent.Rd</code></div>
    </div>

    <div class="ref-description">
    <p>Plots the probability of rejecting \(H0\) ('Positive result') and rejecting Ha <br />
('Negative result') for different true response binomial parameters</p>
    </div>

    <pre class="usage"><span class='fu'>PlotSargent</span>(
  <span class='kw'>x</span>,
  main = <span class='st'>"Sargent's 3-outcome 1-stage design"</span>,
  xlab = <span class='st'>"True response probability"</span>,
  <span class='kw'>ylab</span>,
  <span class='kw'>...</span>
)</pre>

    <h2 class="hasAnchor" id="arguments"><a class="anchor" href="#arguments"></a>Arguments</h2>
    <table class="ref-arguments">
    <colgroup><col class="name" /><col class="desc" /></colgroup>
    <tr>
      <th>x</th>
      <td><p>an object returned by <code><a href='sargent1stage.html'>sargent1stage</a></code></p></td>
    </tr>
    <tr>
      <th>main</th>
      <td><p>title of the graph, passed on to <code>plot</code></p></td>
    </tr>
    <tr>
      <th>xlab</th>
      <td><p>x-axis label of the graph, passed on to <code>plot</code></p></td>
    </tr>
    <tr>
      <th>ylab</th>
      <td><p>y-axis label of the graph, passed on to <code>plot</code></p></td>
    </tr>
    <tr>
      <th>...</th>
      <td><p>other arguments passed on to <code>plot</code></p></td>
    </tr>
    </table>


    <h2 class="hasAnchor" id="examples"><a class="anchor" href="#examples"></a>Examples</h2>
    <pre class="examples"><div class='input'><span class='kw'>result</span><span class='op'>&lt;-</span><span class='fu'><a href='sargent1stage.html'>sargent1stage</a></span>(p0 = <span class='fl'>0.2</span>, pa = <span class='fl'>0.35</span>, alpha = <span class='fl'>0.1</span>, beta = <span class='fl'>0.1</span>, eta = <span class='fl'>0.8</span>, pi = <span class='fl'>0.8</span>,
                      eps = <span class='fl'>0.005</span>, N_min = <span class='fl'>35</span>, N_max = <span class='fl'>50</span>)
<span class='fu'>PlotSargent</span>(<span class='kw'>result</span>)
</div><div class='img'><img src='PlotSargent-1.png' alt='' width='700' height='433' /></div><div class='output co'>#&gt;    Truep    ProbrejHA    Probnodec    ProbrejH0
#&gt; 1   0.10 9.981709e-01 0.0013393325 0.0004897231
#&gt; 2   0.11 9.961163e-01 0.0027329574 0.0011507657
#&gt; 3   0.12 9.924862e-01 0.0050709228 0.0024429208
#&gt; 4   0.13 9.865584e-01 0.0086809566 0.0047606394
#&gt; 5   0.14 9.775102e-01 0.0138667620 0.0086230633
#&gt; 6   0.15 9.644843e-01 0.0208537783 0.0146619583
#&gt; 7   0.16 9.466721e-01 0.0297379840 0.0235899070
#&gt; 8   0.17 9.234020e-01 0.0404477193 0.0361502714
#&gt; 9   0.18 8.942200e-01 0.0527261741 0.0530538233
#&gt; 10  0.19 8.589522e-01 0.0661383428 0.0749095034
#&gt; 11  0.20 8.177401e-01 0.0801018772 0.1021580183
#&gt; 12  0.21 7.710459e-01 0.0939373085 0.1350167608
#&gt; 13  0.22 7.196267e-01 0.1069302794 0.1734429809
#&gt; 14  0.23 6.644833e-01 0.1183971050 0.2171196038
#&gt; 15  0.24 6.067897e-01 0.1277451908 0.2654650812
#&gt; 16  0.25 5.478130e-01 0.1345213227 0.3176656858
#&gt; 17  0.26 4.888307e-01 0.1384431753 0.3727261461
#&gt; 18  0.27 4.310552e-01 0.1394120590 0.4295327718
#&gt; 19  0.28 3.755701e-01 0.1375074947 0.4869223796
#&gt; 20  0.29 3.232833e-01 0.1329662958 0.5437503817
#&gt; 21  0.30 2.748975e-01 0.1261502554 0.5989522097
#&gt; 22  0.31 2.308992e-01 0.1175072023 0.6515935980
#&gt; 23  0.32 1.915629e-01 0.1075301557 0.7009068997
#&gt; 24  0.33 1.569690e-01 0.0967187225 0.7463122973
#&gt; 25  0.34 1.270298e-01 0.0855459169 0.7874243213
#&gt; 26  0.35 1.015222e-01 0.0744324508 0.8240453253
#&gt; 27  0.36 8.012216e-02 0.0637294044 0.8561484362
#&gt; 28  0.37 6.243786e-02 0.0537091872 0.8838529577
#&gt; 29  0.38 4.804078e-02 0.0445639194 0.9073952991
#&gt; 30  0.39 3.649186e-02 0.0364098475 0.9270982906
#&gt; 31  0.40 2.736254e-02 0.0292961498 0.9433413127
#&gt; 32  0.41 2.025043e-02 0.0232164549 0.9565331107
#&gt; 33  0.42 1.478990e-02 0.0181215413 0.9670885573
#&gt; 34  0.43 1.065801e-02 0.0139319470 0.9754100456
#&gt; 35  0.44 7.576774e-03 0.0105495366 0.9818736896
#&gt; 36  0.45 5.312492e-03 0.0078674043 0.9868201034
#&gt; 37  0.46 3.672957e-03 0.0057777943 0.9905492485
#&gt; 38  0.47 2.503364e-03 0.0041779733 0.9933186628
#&gt; 39  0.48 1.681505e-03 0.0029741787 0.9953443162
#&gt; 40  0.49 1.112761e-03 0.0020838924 0.9968033468
#&gt; 41  0.50 7.252455e-04 0.0014367570 0.9978379975
#&gt; 42  0.51 4.653551e-04 0.0009744677 0.9985601772
#&gt; 43  0.52 2.938473e-04 0.0006499606 0.9990561921
#&gt; 44  0.53 1.825167e-04 0.0004261706 0.9993913127
#&gt; 45  0.54 1.114593e-04 0.0002745867 0.9996139540
#&gt; 46  0.55 6.688577e-05 0.0001737713 0.9997593429</div></pre>
  </div>
  <div class="col-md-3 hidden-xs hidden-sm" id="pkgdown-sidebar">
    <nav id="toc" data-toggle="toc" class="sticky-top">
      <h2 data-toc-skip>Contents</h2>
    </nav>
  </div>
</div>


      <footer>
      <div class="copyright">
  <p>Developed by Koenraad D'Hollander.</p>
</div>

<div class="pkgdown">
  <p>Site built with <a href="https://pkgdown.r-lib.org/">pkgdown</a> 1.6.1.9000.</p>
</div>

      </footer>
   </div>

  


  </body>
</html>


